{
    "w": 640,
    "h": 480,
    "fl_x": 952.828,
    "fl_y": 952.828,
    "cx": 646.699,
    "cy": 342.637,
    "frames": [
        {
            "file_path": "images/image000.png",
            "transform_matrix": [
                [
                    0.6093387028910472,
                    -0.6601707035512683,
                    0.43918218022043226,
                    0.2
                ],
                [
                    -0.7529768083865023,
                    -0.6553413412820304,
                    0.05961252239610648,
                    -0.19
                ],
                [
                    0.2484597981215984,
                    -0.3670182133995166,
                    -0.8964180722154935,
                    0.41
                ],
                [
                    0.0,
                    0.0,
                    0.0,
                    1.0
                ]
            ],
            "colmap_im_id": 0
        },
        {
            "file_path": "images/image001.png",
            "transform_matrix": [
                [
                    0.9434638787685145,
                    0.16013469028711316,
                    0.2902288585392546,
                    0.215494019
                ],
                [
                    0.005707361147649415,
                    -0.8832848593725262,
                    0.4688019624639768,
                    -0.57606155
                ],
                [
                    0.33142621409761575,
                    -0.4406412769453129,
                    -0.8342613059005455,
                    0.376949598
                ],
                [
                    0.0,
                    0.0,
                    0.0,
                    1.0
                ]
            ],
            "colmap_im_id": 1
        },
        {
            "file_path": "images/image002.png",
            "transform_matrix": [
                [
                    0.22614001854601518,
                    0.9603250698130206,
                    -0.16320677358203328,
                    0.605556283
                ],
                [
                    0.8881486980494153,
                    -0.1344601770713998,
                    0.4394455016778463,
                    -0.383654193
                ],
                [
                    0.4000657206104621,
                    -0.24432809719797427,
                    -0.8833182873733447,
                    0.271403625
                ],
                [
                    0.0,
                    0.0,
                    0.0,
                    1.0
                ]
            ],
            "colmap_im_id": 2
        },
        {
            "file_path": "images/image003.png",
            "transform_matrix": [
                [
                    -0.5890939220552844,
                    0.68052004443081,
                    -0.435730216977549,
                    0.702426682
                ],
                [
                    0.76780736920881,
                    0.6394725016255596,
                    -0.03932891907761368,
                    -0.100730625
                ],
                [
                    0.2518733742340773,
                    -0.3577252985393342,
                    -0.8992176690669162,
                    0.222855589
                ],
                [
                    0.0,
                    0.0,
                    0.0,
                    1.0
                ]
            ],
            "colmap_im_id": 3
        },
        {
            "file_path": "images/image004.png",
            "transform_matrix": [
                [
                    -0.8963672227678641,
                    -0.38225726595942267,
                    -0.22451099576840994,
                    0.578006506
                ],
                [
                    -0.14783201241134936,
                    0.7351964976300773,
                    -0.6615374564975394,
                    0.344230018
                ],
                [
                    0.41793719708361254,
                    -0.5597905794706182,
                    -0.7155159039666226,
                    0.103549011
                ],
                [
                    0.0,
                    0.0,
                    0.0,
                    1.0
                ]
            ],
            "colmap_im_id": 4
        },
        {
            "file_path": "images/image005.png",
            "transform_matrix": [
                [
                    -0.3412892654112978,
                    -0.8452477008954048,
                    0.41119090679590725,
                    0.257154876
                ],
                [
                    -0.832725955592123,
                    0.06897824067874603,
                    -0.5493719008683453,
                    0.246917612
                ],
                [
                    0.43599211068985383,
                    -0.5299040731222451,
                    -0.7274012326091088,
                    0.149838434
                ],
                [
                    0.0,
                    0.0,
                    0.0,
                    1.0
                ]
            ],
            "colmap_im_id": 5
        },
        {
            "file_path": "images/image006.png",
            "transform_matrix": [
                [
                    0.6759872953096722,
                    -0.7366652473197818,
                    -0.019117777818802195,
                    0.475398307
                ],
                [
                    -0.7362504574428824,
                    -0.6762520457725048,
                    0.02486828697815855,
                    -0.105798105
                ],
                [
                    -0.031248039179935495,
                    -0.002735173370437745,
                    -0.9995079166902181,
                    0.563011782
                ],
                [
                    0.0,
                    0.0,
                    0.0,
                    1.0
                ]
            ],
            "colmap_im_id": 6
        }
    ]
}